   1320 0
      1 204
      1 408
      1 612
      1 1020
      1 1224
      1 1836
      1 2244
      1 2856
      1 3264
      1 3672
      1 3876
      1 4080
      2 4488
      1 5100
      1 5304
      2 7140
      1 7956
      1 8568
      1 8772
      1 9180
      1 9384
      1 10200
      1 10404
      1 10608
      1 11016
      1 11628
      1 12648
      1 13260
      1 14076
      1 14280
      1 14688
      1 14892
      1 18156
      1 19176
      1 20604
      1 21624
      1 23460
      1 24276
      1 25500
      1 25704
      1 28560
      1 30804
      1 31416
      1 33456
      1 34272
      1 36108
      1 41412
      1 41616
      1 41820
      1 53856
      1 54060
      1 54264
      1 57324
      1 64260
      1 66096
      1 66504
      1 68340
      1 72828
      1 75072
      1 79764
      1 88740
      1 121380
      1 122196
      1 139332
      1 143412
      1 148308
      1 150348
      1 163812
      1 164220
      1 172788
      1 176460
      1 186048
      1 213588
      1 213996
      1 217056
      1 243168
      1 271116
      1 273768
      1 296412
      1 298248
      1 299472
      1 311304
      1 311712
      1 316404
      1 326400
      1 328644
      1 340068
      1 351900
      1 389232
      1 394332
      1 396984
      1 430440
      1 436764
      1 440028
      1 455532
      1 472668
      1 512856
      1 546720
      1 576912
      1 623628
      1 633012
      1 650148
      1 653616
      1 668100
      1 681768
      1 717468
      1 735012
      1 745008
      1 758880
      1 837012
      1 843336
      1 865164
      1 883320
      1 891276
      1 902496
      1 910248
      1 920040
      1 957372
      1 962880
      1 973080
      1 975324
      1 975732
      1 1048356
      1 1054476
      1 1104048
      1 1273572
      1 1294788
      1 1296828
      1 1312536
      1 1335384
      1 1437384
      1 1522452
      1 1585488
      1 1612212
      1 1740120
      1 1751952
      1 1778472
      1 1966968
      1 1984104
      1 2063664
      1 2321928
      1 2511648
      1 2591208
      1 2693208
      1 2985540
      1 3055308
      1 3082848
      1 3083256
      1 3340704
      1 3347028
      1 3355392
      1 3526548
      1 3614472
      1 3658944
      1 3721776
      1 3960456
      1 4504932
      1 4773396
      1 4807872
      1 7399080
      1 7778519
      1 8486808
      1 8942340
      1 8948052
      1 10863408
      1 11837508
      1 12628396
      1 13044168
      1 14703912
      1 71157822
      1 73046667
      1 77290897
      1 80179942
