    280 0
      4 471
      4 1150
      4 1669
      1 1889
      1 1941
      1 1967
      1 2724
      4 4244
      3 4517
      2 4521
      1 4531
      1 4807
      1 4812
      2 5175
      1 5191
      1 5217
      1 5303
      1 5357
      1 5464
      1 5487
      1 5493
      1 5586
      1 5593
      1 5598
      1 5603
      1 5699
      1 5852
      1 5870
      1 5882
      1 5885
      1 6195
      1 6286
      1 6491
      1 6986
      2 8179
      2 8180
      1 8429
      1 8533
      1 8608
      1 8647
      1 8809
      1 9005
      1 9085
      1 9088
      1 9149
      1 9150
      1 9156
      1 9210
      1 9266
      1 9294
      1 9446
      1 9506
      1 9713
      1 9726
      1 9728
      1 10472
      1 10483
      1 10493
      1 10495
      1 10760
      2 10777
      1 11779
      1 12421
      1 12553
      2 12564
      1 13040
      1 13153
      1 13370
      1 15423
      1 16737
      1 16739
      1 16841
      1 16998
      1 17170
      3 17215
      1 17222
      1 18465
      1 19840
      1 19853
      1 20414
      1 21944
      1 21954
      1 24114
      1 24119
      2 24120
      1 24483
      1 24500
      1 24501
      1 24513
      1 24598
      1 24633
      1 24678
      1 24721
      1 24725
      1 24726
      1 24727
      1 24731
      1 24862
      1 25445
      1 25453
      1 25522
      1 25944
      1 26973
      1 27039
      1 27139
      1 27235
      1 27246
      1 27309
      1 28514
      1 28773
      1 29002
      1 29035
      1 29053
      1 29141
      1 29184
      1 29197
      1 30068
      1 30401
      1 30455
      1 30511
      1 30571
      1 31073
      1 31097
      1 31242
      1 31289
      1 31877
      1 31952
      1 32128
      1 32207
      1 32208
      1 32238
      1 32853
      1 33846
      1 34073
      1 34483
      1 34538
      1 34808
      1 35002
      1 35179
      1 35208
      1 35218
      1 35337
      1 35341
      1 35353
      1 35368
      1 35370
      1 35388
      1 35395
      1 35406
      1 35423
      1 35495
      1 35592
      1 35605
      1 35842
      1 35895
      1 36008
      1 36050
      1 36059
      1 36246
      1 36486
      1 36495
      1 36511
      1 36539
      1 36607
      1 36679
      1 36699
      1 36722
      1 36724
      1 36745
      1 36755
      1 37908
      1 38582
      1 38606
      1 38632
      1 38640
      1 38642
      1 38661
      1 38829
      1 38851
      1 38852
      1 38878
      1 38933
      1 39899
      1 40567
      1 40896
      1 40945
      1 40951
      1 40955
      1 41078
      1 41908
      1 42631
      1 43413
      1 43418
      1 43426
      1 43478
      1 44305
      1 44445
      1 44486
      1 44514
      1 44621
      1 45692
      1 45721
      4 46181
      1 46384
      1 48158
      1 48247
      1 48421
      1 48978
      1 49622
      1 49676
      1 49864
      1 50393
      1 50402
      1 50685
      1 51137
      1 51212
      1 51297
      1 51692
      1 51820
      1 51956
      1 51992
      1 52150
      1 52243
      1 52248
      1 52299
      1 52436
      1 52616
      1 52687
      1 52747
      1 52796
      1 52868
      1 53097
      1 53463
      1 53519
      1 55888
      1 57061
      1 57111
      1 57396
      1 57450
      1 58404
      1 58562
      1 58839
      1 58997
      1 59002
      1 59121
      1 59164
      1 59267
      1 59702
      1 59721
      1 59880
      1 59912
      1 60508
      1 60904
      1 61730
      1 62526
      1 62930
      1 63027
      1 63069
      1 63156
      1 63266
      1 63586
      1 64040
      1 64047
      1 64258
      1 64329
      1 64422
      1 64459
      1 64500
      1 64646
      1 65088
      1 65448
      1 66159
      1 66752
      1 66801
      1 67445
      1 68683
      1 70821
      1 70841
      1 70915
      1 70942
      1 71362
      1 71577
      1 71691
      1 71872
      1 72805
      1 72879
      1 72927
      1 73175
      1 73386
      1 73834
      1 74037
      1 74468
      1 75743
      1 75808
      1 75818
      1 75823
      1 75881
      1 77095
      1 77184
      1 77200
      1 78149
      1 79466
      1 80115
      1 80180
      1 80235
      1 80466
      1 80834
      1 82412
      1 82994
      1 83108
      1 83342
      1 84859
      1 84862
      1 84975
      1 85248
      1 85299
      1 86041
      1 87504
      1 88267
      1 88881
      1 89052
      1 91716
      1 91858
      1 92181
      1 92229
      1 92292
      1 93065
      1 93087
      1 93786
      1 93855
      1 93965
      1 93988
      1 94919
      1 94986
      1 95223
      1 95246
      1 96195
      1 96824
      1 97669
      1 97980
      1 98022
      1 98058
      1 98091
      1 98123
      1 98228
      1 98290
      1 98439
      1 99345
      1 99424
      1 99559
      1 99848
      1 100249
      1 100642
      1 100849
      1 100894
      1 101132
      1 101915
      1 103365
      1 104272
      1 104377
      1 104392
      1 104466
      1 104562
      1 107771
      1 108007
      1 108028
      1 109782
      1 109994
      1 110172
      1 111017
      1 111802
      1 112003
      1 112010
      1 112173
      1 112668
      1 113266
      1 113538
      1 113883
      1 114766
      1 115134
      1 115454
      1 116170
      1 117322
      1 118076
      1 121233
      1 121595
      1 122145
      1 122411
      1 122679
      1 122802
      1 123772
      1 124213
      1 129975
      1 130140
      1 130501
      1 131659
      1 131867
      1 131918
      1 132425
      1 132500
      1 132635
      1 133312
      1 133733
      1 134111
      1 134478
      1 135594
      1 136460
      1 136649
      1 136853
      1 137459
      1 137595
      1 137780
      1 137935
      1 139695
      1 142365
      1 143276
      1 145299
      1 145959
      1 146038
      1 149832
      1 150790
      1 152558
      1 153261
      1 154634
      1 159967
      1 160652
      1 161007
      1 161079
      1 161599
      1 161731
      1 164533
      1 165336
      1 165817
      1 167049
      1 169680
      1 171007
      1 171733
      1 171759
      1 172198
      1 172734
      1 174973
      1 175401
      1 175818
      1 176162
      1 176512
      1 177335
      1 177720
      1 178493
      1 183359
      1 184538
      1 186093
      1 186847
      1 188492
      1 190421
      1 190435
      1 190792
      1 192259
      1 192580
      1 193688
      1 195125
      1 196219
      1 196816
      1 197269
      1 197316
      1 197513
      1 197531
      1 197664
      1 197876
      1 207452
      1 207744
      1 207917
      1 210965
      1 213227
      1 216033
      1 216372
      1 216647
      1 217422
      1 221228
      1 222168
      1 222694
      1 223424
      1 225259
      1 225393
      1 225659
      1 225870
      1 226355
      1 226461
      1 226496
      1 228104
      1 230355
      1 230812
      1 231309
      1 236017
      1 236408
      1 236498
      1 239462
      1 239467
      1 239656
      1 240035
      1 240038
      1 240073
      1 240125
      1 241717
      1 241897
      1 243052
      1 244858
      1 245622
      1 246754
      1 248232
      1 248427
      1 248692
      1 252640
      1 252713
      1 253076
      1 254954
      1 255287
      1 255681
      1 256753
      1 257350
      1 257383
      1 257395
      1 258616
      1 258664
      1 261595
      1 262311
      1 262409
      1 265507
      1 266436
      1 266616
      1 267698
      1 267811
      1 267972
      1 269985
      1 271790
      1 273920
      1 274398
      1 274649
      1 274769
      1 274893
      1 276567
      1 276659
      1 276775
      1 276785
      1 276946
      1 277045
      1 277682
      1 279375
      1 280492
      1 282074
      1 282573
      1 282587
      1 282589
      1 282973
      1 283348
      1 286407
      1 286418
      1 291648
      1 292382
      1 292666
      1 294648
      1 294813
      1 295283
      1 295973
      1 297727
      1 298811
      1 300242
      1 300741
      1 302618
      1 306142
      1 307947
      1 308240
      1 314384
      1 314678
      1 317176
      1 317802
      1 317830
      1 320537
      1 323489
      1 326622
      1 327982
      1 328683
      1 329593
      1 330039
      1 332347
      1 333027
      1 334128
      1 335964
      1 337008
      1 337016
      1 337384
      1 339425
      1 340828
      1 340842
      1 341593
      1 342576
      1 343033
      1 344928
      1 351036
      1 351926
      1 353952
      1 355832
      1 357842
      1 357981
      1 358938
      1 361198
      1 361589
      1 366156
      1 368552
      1 370118
      1 371629
      1 372090
      1 372524
      1 372907
      1 374772
      1 377273
      1 377277
      1 379100
      1 379953
      1 381469
      1 385864
      1 385880
      1 387919
      1 389105
      1 393328
      1 393357
      1 393862
      1 394254
      1 394955
      1 404095
      1 404666
      1 406122
      1 407185
      1 408711
      1 408765
      1 413632
      1 418233
      1 418846
      1 423738
      1 423998
      1 424720
      1 426567
      1 426771
      1 428024
      1 428916
      1 431485
      1 432733
      1 433431
      1 434058
      1 434658
      1 434833
      1 435963
      1 436442
      1 438100
      1 441348
      1 442623
      1 442669
      1 442807
      1 442896
      1 443675
      1 448040
      1 448540
      1 449217
      1 450219
      1 451261
      1 451409
      1 451612
      1 453056
      1 458336
      1 458946
      1 459171
      1 460493
      1 460770
      1 460959
      1 464590
      1 465072
      1 467098
      1 467256
      1 469279
      1 471329
      1 474786
      1 474928
      1 475601
      1 483815
      1 491282
      1 491984
      1 497811
      1 501084
      1 505977
      1 516264
      1 516333
      1 516358
      1 516533
      1 516880
      1 517081
      1 526905
      1 533753
      1 536461
      1 540106
      1 540628
      1 541351
      1 543226
      1 543626
      1 546034
      1 551589
      1 552515
      1 552576
      1 556033
      1 561289
      1 566443
      1 567951
      1 567994
      1 568094
      1 572884
      1 574148
      1 574603
      1 575521
      1 577177
      1 579451
      1 579598
      1 580772
      1 584532
      1 595505
      1 595839
      1 596088
      1 596474
      1 598059
      1 601453
      1 601518
      1 601927
      1 602775
      1 603267
      1 606982
      1 609821
      1 610641
      1 610812
      1 611657
      1 612988
      1 615816
      1 621524
      1 631299
      1 645541
      1 650901
      1 661951
      1 667607
      1 668397
      1 669471
      1 670059
      1 671746
      1 672673
      1 675102
      1 676084
      1 678095
      1 681548
      1 682227
      1 683602
      1 688173
      1 688830
      1 705713
      1 706453
      1 708392
      1 709954
      1 710675
      1 716793
      1 720425
      1 727082
      1 728742
      1 730484
      1 737407
      1 738771
      1 740590
      1 742416
      1 749813
      1 765406
      1 767414
      1 770312
      1 770643
      1 770981
      1 773471
      1 775768
      1 784067
      1 789193
      1 793849
      1 795164
      1 814798
      1 827807
      1 836517
      1 841179
      1 846757
      1 851417
      1 853170
      1 857616
      1 896653
      1 898366
      1 901856
      1 902279
      1 902907
      1 904750
      1 904819
      1 907953
      1 917615
      1 932496
      1 936430
      1 951975
      1 952488
      1 954598
      1 956239
      1 957366
      1 957454
      1 957652
      1 962027
      1 965016
      1 977275
      1 978489
      1 979152
      1 979319
      1 986867
      1 991031
      1 1005565
      1 1008007
      1 1013863
      1 1035205
      1 1054332
      1 1069905
      1 1072170
      1 1081333
      1 1083017
      1 1091308
      1 1111671
      1 1120586
      1 1132381
      1 1139334
      1 1141028
      1 1141398
      1 1145405
      1 1149970
      1 1158250
      1 1164563
      1 1178716
      1 1180825
      1 1186378
      1 1202334
      1 1209816
      1 1214027
      1 1217519
      1 1231455
      1 1232791
      1 1235724
      1 1242349
      1 1260541
      1 1262920
      1 1289251
      1 1301160
      1 1305954
      1 1313835
      1 1319886
      1 1331223
      1 1359590
      1 1367433
      1 1382594
      1 1399152
      1 1401112
      1 1403389
      1 1405235
      1 1410274
      1 1410925
      1 1414171
      1 1424540
      1 1434446
      1 1439391
      1 1452098
      1 1454773
      1 1487547
      1 1491498
      1 1518818
      1 1560448
      1 1585728
      1 1597081
      1 1598612
      1 1616286
      1 1639043
      1 1653693
      1 1671877
      1 1678013
      1 1686166
      1 1691118
      1 1697617
      1 1721601
      1 1728021
      1 1740911
      1 1740920
      1 1743850
      1 1748622
      1 1763293
      1 1778938
      1 1781680
      1 1788440
      1 1796582
      1 1816414
      1 1818097
      1 1819228
      1 1830262
      1 1831127
      1 1832200
      1 1837869
      1 1843084
      1 1843354
      1 1848061
      1 1850003
      1 1859028
      1 1862379
      1 1864167
      1 1872172
      1 1883367
      1 1916945
      1 1931213
      1 1970515
      1 1972921
      1 1978123
      1 2003191
      1 2005313
      1 2012353
      1 2013694
      1 2013701
      1 2014963
      1 2018451
      1 2043260
      1 2053195
      1 2069837
      1 2121836
      1 2123902
      1 2133436
      1 2138125
      1 2147983
      1 2181582
      1 2207096
      1 2253737
      1 2265466
      1 2269093
      1 2294447
      1 2303882
      1 2324937
      1 2350621
      1 2364143
      1 2394967
      1 2397739
      1 2431079
      1 2443776
      1 2457962
      1 2460489
      1 2463123
      1 2473816
      1 2501731
      1 2510496
      1 2536240
      1 2548798
      1 2609760
      1 2640302
      1 2658485
      1 2669961
      1 2696557
      1 2700832
      1 2743463
      1 2780276
      1 2811656
      1 2814738
      1 2822691
      1 2832549
      1 2872070
      1 2959155
      1 2968768
      1 2987164
      1 3083590
      1 3088036
      1 3106285
      1 3128104
      1 3164359
      1 3181381
      1 3188663
      1 3224098
      1 3227221
      1 3246145
      1 3253679
      1 3264947
      1 3276786
      1 3300545
      1 3323666
      1 3339197
      1 3358073
      1 3361077
      1 3394159
      1 3418282
      1 3418352
      1 3434600
      1 3441729
      1 3480562
      1 3488265
      1 3515556
      1 3541607
      1 3573846
      1 3593657
      1 3638296
      1 3641208
      1 3644287
      1 3833199
      1 3852753
      1 3918098
      1 3919593
      1 4056431
      1 4117758
      1 4119755
      1 4170345
      1 4232626
      1 4254715
      1 4264587
      1 4356221
      1 4453511
      1 4599559
      1 4658227
      1 4700500
      1 4821065
      1 4822932
      1 4882888
      1 4933619
      1 4934892
      1 4964215
      1 5040996
      1 5247296
      1 5300103
      1 5346388
      1 5417261
      1 5662662
      1 5711070
      1 5756816
      1 5768833
      1 6164609
      1 6167108
      1 6217850
      1 6305534
      1 6595953
      1 6653191
      1 6707704
      1 6719451
      1 6736874
      1 6738109
      1 6742958
      1 6776244
      1 6827348
      1 6838430
      1 6983424
      1 6989031
      1 7030528
      1 7050346
      1 7152718
      1 7230207
      1 7351252
      1 7568944
      1 7653667
      1 7659655
      1 7685630
      1 7722190
      1 7786975
      1 7866923
      1 7907536
      1 7935165
      1 8185013
      1 8219243
      1 8294061
      1 8385180
      1 8390329
      1 8471363
      1 8653689
      1 8800907
      1 8883072
      1 8992191
      1 9038551
      1 9045444
      1 9079157
      1 9143880
      1 9150108
      1 9202236
      1 9242517
      1 9259473
      1 9302499
      1 9406684
      1 9416064
      1 9443092
      1 9445430
      1 9448296
      1 9454590
      1 9478665
      1 9601335
      1 9609990
      1 9642717
      1 9719930
      1 9732823
      1 9791525
      1 9822506
      1 9854143
      1 9961746
      1 10028798
      1 10072213
      1 10103076
      1 10103114
      1 10155323
      1 10155463
      1 10155627
      1 10155667
      1 10711551
      1 10745196
      1 10785337
      1 10834058
      1 11014897
      1 11048405
      1 11118303
      1 11306631
      1 11577371
      1 11771399
      1 11896779
      1 11939678
      1 11990005
      1 12005065
      1 12062784
      1 12473662
      1 13196658
      1 13500061
      1 13646290
      1 13671720
      1 13946896
      1 14019750
      1 14225993
      1 14377932
      1 14695174
      1 14912427
      1 15397178
      1 15629815
      1 15797527
      1 15967706
      1 16424397
      1 16596754
      1 16783572
      1 17259140
      1 17410487
      1 17452347
      1 17470752
      1 18532543
      1 18818303
      1 19357944
      1 19708624
      1 19961531
      1 20206530
      1 20377845
      1 20587777
      1 20840320
      1 20855775
      1 20864891
      1 21099204
      1 21497236
      1 21567253
      1 21695666
      1 21872493
      1 21878666
      1 22072486
      1 22278573
      1 22406548
      1 22904925
      1 23048046
      1 24268215
      1 27121304
      1 28038581
      1 28097410
      1 28698322
      1 29534500
      1 29742601
      1 32910394
      1 34670965
      1 35444241
      1 38681357
      1 39366442
      1 45580587
      1 49574944
      1 64494856
      1 70572149
      1 73050134
      1 73384748
      1 75510916
      1 80212363
      1 81044870
      1 88354632
      1 92573662
